%problem A
m=[1 2 3 4;-1 -2 -3 -4;1 2 3 4;-1 -2 -3 -4];
%we can use m2= fliplr(m)
m2(:,4)=m(:,1);
m2(:,1)=m(:,4);
m2(:,2)=m(:,3);
m2(:,3)=m(:,2);
m2

%problem B
m=[1 2 3 4;-1 -2 -3 -4;1 2 3 4;-1 -2 -3 -4];
%we can use m3= flipud(m)
m3(1,:)=m(4,:);
m3(2,:)=m(3,:);
m3(3,:)=m(2,:);
m3(4,:)=m(1,:);
m3

%problem c 
m=[1 2 3 4;-1 -2 -3 -4;1 2 3 4;-1 -2 -3 -4];
m(:,[1 2 3 4])=m(:,[1 3 2 4])

%problem D :
m=[1 2 3 4;-1 -2 -3 -4;1 2 3 4;-1 -2 -3 -4];
m([1 2 3 4],:)=m([4 2 3 1],:)

%problem e
m=[1 2 3 4;-1 -2 -3 -4;1 2 3 4;-1 -2 -3 -4];
m([1 2 3 4],[1 2 3 4])=m([1 3 4 2],[3 2 4 1])
