s=[150 150 150 160];
s=(s+10)+(s+10)*0.10
