%problem 6
%a
m=[1 0 0 0 -1;2 0 0 0 -2;3 0 0 0 -3;4 0 0 0 -4;5 0 0 0 -5]
y=m'
%b
z=y;
z([1 5],[4 5])=[2 1; -2 -1]
%c
w=m;
w([1: end],[2:4])=100;
w([1: end],1)=w([1:end],1)*2;
 w([1: end],5)=w([1: end],5)*-1/10;
w